I
1130 Generated by WorldEditor 2.2.0r2

1      0 1 0 YMML Melbourne Intl
1302 city Melbourne
1302 country Australia
1302 datum_lat -37.673333333
1302 datum_lon 144.843333333
1302 faa_code 
1302 gui_label 2D
1302 iata_code MEL
1302 icao_code YMML
1302 region_code YM
1302 state Victoria
1302 transition_alt 10000
1302 transition_level 11000
100 50.00 1 2 0.00 1 2 1 09 -37.66075517  144.82226482    0    0 5 4 0 2 27 -37.66224259  144.84808785    0    0 5 4 0 2
100 58.66 1 2 0.00 1 2 1 17 -37.65318760  144.83491758    0    0 5 4 0 2 35 -37.68577759  144.84099436    0    0 5 4 0 2
110 1 0.00 0.0000 B
111 -37.65314759  144.83515929
111 -37.65405654  144.83534225 1 102
112 -37.65361304  144.83551637 -37.65340180  144.83568408 1 102
111 -37.65337281  144.83590360 1 102
112 -37.65319823  144.83726347 -37.65314173  144.83825833 1 102
112 -37.65333952  144.83862170 -37.65339988  144.83881609
111 -37.65333952  144.83862170
112 -37.65333952  144.83862170 -37.65343609  144.83878560 1 102
111 -37.65374299  144.83892702
111 -37.65369220  144.83923667 1 102
111 -37.65232556  144.83884124 1 102
112 -37.65198241  144.83819250 -37.65194620  144.83775798 1 102
111 -37.65222537  144.83745384 1 102
112 -37.65277812  144.83704196 -37.65312922  144.83678620
111 -37.65277812  144.83704196
112 -37.65277812  144.83704196 -37.65282761  144.83699212 1 102
112 -37.65299007  144.83653831 -37.65300827  144.83632703
111 -37.65299007  144.83653831
112 -37.65299007  144.83653831 -37.65307155  144.83585605 1 102
113 -37.65307155  144.83585452 1 102
110 1 0.00 0.0000 C
111 -37.65539641  144.83563878
111 -37.65662185  144.83587480 1 102
112 -37.65621867  144.83623911 -37.65600743  144.83652498 1 102
111 -37.65598330  144.83670956 1 102
111 -37.65580578  144.83834385 1 102
112 -37.65599286  144.83913577 -37.65623730  144.83956268 1 102
111 -37.65655062  144.83964163
111 -37.65572452  144.83951948 1 102
112 -37.65581612  144.83946613 -37.65584232  144.83943672
111 -37.65581612  144.83946613
112 -37.65581612  144.83946613 -37.65584377  144.83943488 1 102
111 -37.65582199  144.83941263 1 102
112 -37.65560997  144.83894723 -37.65553313  144.83865826 1 102
111 -37.65555728  144.83830948 1 102
111 -37.65572534  144.83659048 1 102
114 -37.65560347  144.83605624 -37.65548880  144.83575512 1 102
110 1 0.00 0.0000 G
111 -37.67000342  144.83859446
111 -37.67003825  144.83837865
111 -37.67068698  144.83850208 1 102
112 -37.67054392  144.83854579 -37.67053381  144.83858942 1 102
111 -37.67179475  144.83987435
112 -37.67227235  144.84061931 -37.67244524  144.84112014
111 -37.67237366  144.84154199
111 -37.67215713  144.84438382
111 -37.67161225  144.84428625 1 102
112 -37.67175771  144.84406180 -37.67182058  144.84388706 1 102
111 -37.67183756  144.84371477
111 -37.67202920  144.84134569
112 -37.67192691  144.84059255 -37.67178810  144.84021511
111 -37.67157111  144.84002661 1 102
112 -37.67057298  144.83898372 -37.67001763  144.83845421
111 -37.67057298  144.83898372
114 -37.67057298  144.83898372 -37.67028657  144.83871455 1 102
110 1 0.00 0.0000 K
111 -37.68493899  144.84116941
111 -37.68573107  144.84128056 1 102
112 -37.68574994  144.84199090 -37.68580426  144.84228071
111 -37.68574994  144.84199090
112 -37.68574994  144.84199090 -37.68582538  144.84229215 1 102
112 -37.68624946  144.84336905 -37.68610763  144.84404017
111 -37.68624946  144.84336905
112 -37.68624946  144.84336905 -37.68607141  144.84404398 1 102
111 -37.68555591  144.84397524 1 102
111 -37.68478499  144.84393724 1 102
112 -37.68427311  144.84429152 -37.68399934  144.84460998 1 102
111 -37.68402280  144.84492571
111 -37.68308938  144.84456167 1 102
112 -37.68343497  144.84446402 -37.68365660  144.84435970 1 102
111 -37.68375686  144.84425857 1 102
111 -37.68493015  144.84324386 1 102
112 -37.68519360  144.84285593 -37.68533242  144.84257757 1 102
111 -37.68536983  144.84242786 1 102
112 -37.68534495  144.84179403 -37.68525693  144.84140636
111 -37.68534495  144.84179403
114 -37.68534495  144.84179403 -37.68521670  144.84132374 1 102
110 1 0.00 0.0000 M
111 -37.66099382  144.82333274
111 -37.66096616  144.82221332 1 102
111 -37.66274822  144.82205292 1 102
112 -37.66358364  144.82235174 -37.66396086  144.82273030 1 102
111 -37.66401185  144.82333088
111 -37.66375390  144.82334389 1 102
112 -37.66343055  144.82265688 -37.66312459  144.82238156
111 -37.66343055  144.82265688
112 -37.66343055  144.82265688 -37.66312878  144.82234450 1 102
111 -37.66279914  144.82239491 1 102
111 -37.66165161  144.82252461 1 102
114 -37.66126825  144.82281009 -37.66108467  144.82303881 1 102
110 1 0.00 0.0000 N
111 -37.66139680  144.83110160
111 -37.66133645  144.82945588 1 102
111 -37.66146847  144.82946785 1 102
111 -37.66218842  144.82766533 1 102
112 -37.66322196  144.82661633 -37.66393812  144.82643428
111 -37.66322196  144.82661633
112 -37.66322196  144.82661633 -37.66400938  144.82648458 1 102
111 -37.66435456  144.82743537 1 102
111 -37.66440174  144.82804253 1 102
112 -37.66340028  144.82694499 -37.66292589  144.82706850
111 -37.66340028  144.82694499
112 -37.66340028  144.82694499 -37.66259997  144.82700903 1 102
111 -37.66237576  144.82783146 1 102
113 -37.66157559  144.82986659 1 102
110 1 0.00 0.0000 Q
111 -37.66235105  144.84817223
111 -37.66277870  144.84814930 1 102
112 -37.66332608  144.84878558 -37.66367060  144.84910644 1 102
111 -37.66394694  144.84922361
111 -37.66486819  144.85009095
111 -37.66565474  144.85017879
111 -37.66559691  144.85093819 1 102
111 -37.66520434  144.85085572
111 -37.66452055  144.85056854 1 102
112 -37.66436280  144.85027557 -37.66423287  144.85008232 1 102
113 -37.66396154  144.84977928 1 102
110 1 0.00 0.0000 R
111 -37.66484733  144.85192312
111 -37.66509435  144.85188263 1 102
112 -37.66524240  144.85237799 -37.66535882  144.85259125 1 102
111 -37.66547831  144.85259502
111 -37.66587001  144.85265553
111 -37.66577033  144.85355683 1 102
112 -37.66518107  144.85301002 -37.66486882  144.85254673
111 -37.66518107  144.85301002
114 -37.66518107  144.85301002 -37.66485625  144.85247790 1 102
110 1 0.00 0.0000 V
111 -37.67899828  144.84152926 1 102
111 -37.67891521  144.84227330
111 -37.67836726  144.84249210 1 102
112 -37.67828718  144.84215788 -37.67819015  144.84197553
111 -37.67828718  144.84215788
112 -37.67828718  144.84215788 -37.67814650  144.84199086 1 102
111 -37.67791685  144.84189445 1 102
111 -37.67751855  144.84178057 1 102
111 -37.67621858  144.84153045
111 -37.67390869  144.84110351 1 102
111 -37.67343729  144.84100986
111 -37.67150223  144.84072319
111 -37.67027025  144.84050235 1 102
112 -37.66999611  144.84039619 -37.66975771  144.84032375 1 102
111 -37.66960461  144.84029316 1 102
111 -37.66835560  144.84006862
111 -37.66719203  144.83993980
111 -37.66823076  144.83938651 1 102
112 -37.66815532  144.83963206 -37.66818466  144.83977416
111 -37.66815532  144.83963206
112 -37.66815532  144.83963206 -37.66818635  144.83973589 1 102
111 -37.66840262  144.83979602 1 102
111 -37.67125874  144.84033737
111 -37.67312029  144.84066845 1 102
111 -37.67393909  144.84082312
111 -37.67625340  144.84125396 1 102
111 -37.67751389  144.84148706 1 102
111 -37.67795669  144.84151987 1 102
112 -37.67837574  144.84140985 -37.67851278  144.84130872
111 -37.67837574  144.84140985
112 -37.67837574  144.84140985 -37.67848731  144.84133323 1 102
113 -37.67852993  144.84115689
110 1 0.00 0.0000 W
111 -37.68449212  144.85892785 1 102
111 -37.68394519  144.84827175
111 -37.68386963  144.84727102 1 102
111 -37.68382906  144.84659222
111 -37.68380183  144.84486436
111 -37.68402280  144.84493066 1 102
113 -37.68476589  144.85921450 1 102
110 1 0.00 0.0000 Y
111 -37.67421119  144.84026389 1 102
111 -37.67439891  144.83993185 1 102
111 -37.67481817  144.84034295 1 102
111 -37.67533755  144.84043782
111 -37.67516234  144.84201897
111 -37.67482506  144.84438150 1 102
112 -37.67484912  144.84488638 -37.67486974  144.84500743 1 102
111 -37.67495569  144.84510815
111 -37.67490578  144.84558446
111 -37.67438947  144.84551961
111 -37.67479787  144.84190585 1 102
111 -37.67479655  144.84171837
113 -37.67458864  144.84066992 1 102
110 1 0.00 0.0000 S-1
112 -37.68352963  144.84693040 -37.68353254  144.84696167 1 102
111 -37.68351228  144.84698143 1 102
112 -37.68369771  144.84712001 -37.68380459  144.84722063 1 102
111 -37.68384276  144.84730485 1 102
111 -37.68386963  144.84727102 1 102
111 -37.68395364  144.84742547 1 102
111 -37.68397166  144.84829072 1 102
112 -37.68365373  144.84743441 -37.68336041  144.84706378 1 102
111 -37.68305255  144.84704977 1 102
111 -37.67892115  144.84631597
111 -37.67510492  144.84563814
111 -37.67490578  144.84558446
111 -37.67495569  144.84510815 1 102
112 -37.67536045  144.84532474 -37.67563812  144.84544389
111 -37.67536045  144.84532474
112 -37.67536045  144.84532474 -37.67564161  144.84539535 1 102
111 -37.67587548  144.84545146 1 102
111 -37.67705392  144.84566804
111 -37.67922591  144.84607412 1 102
111 -37.68228155  144.84664541 1 102
112 -37.68328924  144.84662531 -37.68372017  144.84648347
111 -37.68328924  144.84662531
112 -37.68328924  144.84662531 -37.68372379  144.84640111 1 102
111 -37.68370912  144.84593704 1 102
111 -37.68383186  144.84593402
111 -37.68382906  144.84659222 1 102
112 -37.68379526  144.84660256 -37.68376915  144.84659617
111 -37.68379526  144.84660256
112 -37.68379526  144.84660256 -37.68378010  144.84658978 1 102
111 -37.68376174  144.84656730 1 102
112 -37.68365512  144.84675344 -37.68357129  144.84685407 1 102
113 -37.68350278  144.84689122 1 102
110 1 0.00 0.0000 P
111 -37.66233251  144.84681708 102
111 -37.66345707  144.84770492 102
111 -37.66459245  144.84702196 102
111 -37.66494928  144.84715855 102
111 -37.66603280  144.84763718 102
111 -37.66594154  144.84828495 102
111 -37.66509416  144.84814771 102
111 -37.66399474  144.84800498 102
113 -37.66239124  144.84806536 102
110 1 0.00 0.0000 S-2
111 -37.66542512  144.84296915 102
111 -37.66601083  144.84359521 102
111 -37.66688188  144.84291224 102
111 -37.66665661  144.84479042 102
111 -37.66602585  144.84397464 102
113 -37.66520735  144.84452481 102
110 1 0.00 0.0000 E
111 -37.66375390  144.82334389
111 -37.66401185  144.82333088 102
111 -37.66443119  144.82654668 102
111 -37.66452390  144.82756842 102
111 -37.66503452  144.83614328 102
111 -37.66529733  144.84047815 102
111 -37.66545915  144.84288565 102
111 -37.66496480  144.84661666 102
111 -37.66468391  144.84907260 102
111 -37.66480558  144.85002776 102
111 -37.66507774  144.85185722 102
111 -37.66485052  144.85189488 102
111 -37.66451443  144.85053828 102
111 -37.66411464  144.84994542 102
111 -37.66441014  144.84879813 102
111 -37.66466218  144.84686585 102
111 -37.66420590  144.84619065 102
111 -37.66481427  144.84592716 102
111 -37.66511412  144.84339651 102
111 -37.66513150  144.84126660 102
111 -37.66435456  144.82743537 102
113 -37.66426666  144.82656754 102
110 1 0.00 0.0000 U
111 -37.67036441  144.84053422 102
111 -37.67142820  144.84070550 102
111 -37.67091716  144.84140381 102
111 -37.67066686  144.84447374 102
111 -37.67022361  144.84438810 102
113 -37.67061992  144.84144334 102
110 1 0.00 0.0000 A
111 -37.68306953  144.84456910 102
111 -37.68380636  144.84484555 102
111 -37.68386169  144.84593865 102
111 -37.68372589  144.84592276 102
111 -37.68305193  144.84495677 102
111 -37.67910687  144.84418409 102
111 -37.66424551  144.84141189 102
111 -37.66207208  144.84096120 102
111 -37.65519495  144.83963641 102
111 -37.65369220  144.83923667
111 -37.65374299  144.83892702 102
111 -37.65585455  144.83944532 102
111 -37.66158549  144.84057879 102
113 -37.66511056  144.84128902 102
110 1 0.00 0.0000 T
111 -37.66673921  144.84021828 102
111 -37.66724983  144.83996217 102
111 -37.66770788  144.84004754 102
111 -37.66743756  144.84063565 102
111 -37.66650604  144.84749049 102
111 -37.66604298  144.84824774 102
111 -37.66566492  144.84842888 102
111 -37.66547806  144.84960363 102
111 -37.66581266  144.85037216 102
111 -37.66615596  144.85122302 102
111 -37.66598649  144.85264480 102
111 -37.66559104  144.85257344 102
111 -37.66564319  144.85099247 102
111 -37.66511738  144.84983419 102
111 -37.66523471  144.84834105 102
111 -37.66606036  144.84759448 102
111 -37.66622115  144.84749020 102
111 -37.66688167  144.84258804 102
113 -37.66699031  144.84071061 102
110 1 0.00 0.0000 J
111 -37.67820938  144.83990605 102
111 -37.67950870  144.84012567 102
111 -37.67891336  144.84093276 102
111 -37.67897854  144.84151475 102
111 -37.67889163  144.84227792 102
111 -37.67870912  144.84266225 102
111 -37.67850923  144.84451252 102
111 -37.67838172  144.84505311
111 -37.67822706  144.84655827 102
111 -37.67787436  144.84649069 102
111 -37.67835575  144.84265549 102
113 -37.67856532  144.84092647 102
110 1 0.00 0.0000 F
111 -37.66530984  144.84051576 1 102
111 -37.66874727  144.83880997 1 102
111 -37.66960645  144.83829247
111 -37.67003825  144.83837865
111 -37.67000342  144.83859446 1 102
112 -37.66930920  144.83880835 -37.66890191  144.83902538
111 -37.66930920  144.83880835
112 -37.66930920  144.83880835 -37.66925439  144.83883975 1 102
112 -37.66866017  144.83914320 -37.66836101  144.83930302
111 -37.66866017  144.83914320
112 -37.66866017  144.83914320 -37.66850785  144.83922457 1 102
112 -37.66823076  144.83938651 -37.66809929  144.83944979
111 -37.66823076  144.83938651
112 -37.66823076  144.83938651 -37.66739238  144.83979007
112 -37.66633086  144.84036452 -37.66614229  144.84045760
111 -37.66633086  144.84036452
112 -37.66633086  144.84036452 -37.66584500  144.84064281 1 102
111 -37.66591473  144.84098578
113 -37.66536900  144.84131964
1300 -37.67131244  144.84767465  12.24 gate jets|turboprops New Ramp Start 5
1301 C airline 
1300 -37.67066133  144.84725545 172.91 gate jets|turboprops New Ramp Start 11
1301 C airline 
1300 -37.67072104  144.84676306 172.03 gate jets|turboprops New Ramp Start 10
1301 C airline 
1300 -37.67077909  144.84626438 171.48 gate jets|turboprops New Ramp Start 9
1301 C airline 
1300 -37.67084708  144.84575732 174.09 gate jets|turboprops New Ramp Start 8
1301 C airline 
1300 -37.67084211  144.84526074 180.00 gate jets|turboprops New Ramp Start 7
1301 C airline 
1300 -37.67126413  144.84538906 352.27 gate jets|turboprops New Ramp Start 6
1301 C airline 
1300 -37.67110148  144.84722710  31.08 gate jets|turboprops New Ramp Start 4
1301 C airline 
1300 -37.67110148  144.84633200 352.88 gate jets|turboprops New Ramp Start 3
1301 C airline 
1300 -37.67120298  144.84584170 351.65 gate jets|turboprops New Ramp Start 2
1301 C airline 
99
